// First Gen - @deprecated
-d -x -Dp -Sr

6 5 7  4 3 1  2 8 9

4 3 1  2 8 9  6 5 7

2 8 9  6 5 7  4 3 1


7 6 5  1 4 3  9 2 8

1 4 3  9 2 8  7 6 5

9 2 8  7 6 5  1 4 3


5 7 6  3 1 4  8 9 2

3 1 4  8 9 2  5 7 6

8 9 2  5 7 6  3 1 4

-------------------------
6 5 7  4 3 1  2 8 9

4 3 1  2 8 9  6 5 7

2 8 9  6 5 7  4 3 1


7 6 5  1 4 3  9 2 8

1 4 3  9 2 8  7 6 5

9 2 8  7 6 5  1 4 3


5 7 6  3 1 4  8 9 2

3 1 4  8 9 2  5 7 6

8 9 2  5 7 6  3 1 4

________________________________________________________
________________________________________________________



5 7 6  4 3 9  1 2 8

3 1 4  2 8 1  7 6 5

8 9 2  6 5 7  9 4 3


6 5 7  1 4 3  8 9 2

2 8 9  7 6 5  3 1 4

4 3 1  9 2 8  5 7 6


7 6 5  3 1 4  2 8 9

1 4 3  8 9 2  6 5 7

9 2 8  5 7 6  4 3 1

-----------------------------------------------------

// Algo stp - 1
// Switch x, y

// Switch Columns
// 1st quadrant 0 with 21
// 3rd quadrant 6 with 8

// Switch Rows
/*

for +1 rows switch 0 - 2
for +2 rows switch 1 - 2
for +0 nae switch.

x ++;
*/

________________________________________________________
________________________________________________________

3 1 2  4 8 7  9 6 5

8 9 6  2 5 1  7 4 3

5 7 4  6 3 9  1 2 8


6 5 1  7 4 8  3 9 2

2 8 7  9 6 3  5 1 4

4 3 9  1 2 5  8 7 6


7 6 3  5 1 2  4 8 9

1 4 8  3 9 6  2 5 7

9 2 5  8 7 4  6 3 1

// Switch 2 vs 3 --- 5 vs 6


3 _ _  4 8 7  9 6 5

8 9 _  2 _ _  7 _ 3

_ 7 4  _ 3 9  1 2 _


6 5 1  7 4 8  3 9 2

2 8 7  9 6 3  5 1 4

4 3 9  1 2 5  8 7 6


7 6 3  5 1 2  4 8 9

1 4 8  3 9 6  2 5 7

9 2 5  8 7 4  6 3 1
________________________________________________________
________________________________________________________

Better Solution

657  431  289
431  289  657
289  657  431

765  143  928
143  928  765
928  765  143

576  314  892
314  892  576
892  576  314
-----------------

576  314  892
439  287  651
281  659  437

148  925  763
657  431  289
923  768  145

312  895  574
894  572  316
765  143  928

Step - 1 - Switch the last numbers +2 mode
Step - 2 - Switch the last rows -1 mode
Step - 3 - shuffle_1() - change column 0 and 2
-----------------














