657  431  289
431  289  657
289  657  431

765  143  928
143  928  765
928  765  143

576  314  892
314  892  576
892  576  314
-----------------

576  314  892
439  287  651
281  659  437

148  925  763
657  431  289
923  768  145

312  895  574
894  572  316
765  143  928

Step - 1 - Switch the last numbers +2 mode
Step - 2 - Switch the last rows -1 mode
Step - 3 - shuffle_1()
-----------------

657  431  289
489  257  631
231  689  457

765  143  928
148  925  763
923  768  145

576  314  892
312  896  574
894  572  316























---------------
379 412 685 [1] [7]
842 965 317 [0] [6]
156 783 429 [0] [8] -> [3] [8]

893 124 756
421 657 893
567 839 214
---------------
912 485 376
-----p-p-p-p-p-
____
_______
___

389 412 675
142 765 389
756 983 421
